999999999
30000000 10013
30000000 10009
30000000 10009
60000000 19935
30000000 10004
60000000 20043
30000000 10014
30000000 10022
60000000 19980
30000000 9987
30000000 10010
30000000 9978
30000000 10029
30000000 10029
30000000 9983
60000000 19936
30000000 10007
60000000 20013
60000000 20013
60000000 19953
30000000 10047
60000000 20062
30000000 9988
30000000 9988
30000000 10032
30000000 10037
30000000 9995
30000000 9995
30000000 9993
30000000 9993
30000000 9982
30000000 10002
30000000 10002
30000000 9972
30000000 10008
60000000 20015
30000000 10003
60000000 19983
30000000 10023
30000000 10023
